instance=/pibt2/instances/mapf/input.txt
agents=100
map_file=1.map
solver=HCA
solved=0
soc=0
lb_soc=9822
makespan=-1
lb_makespan=339
comp_time=222
preprocessing_comp_time=134
starts=(39,211),(229,140),(145,195),(61,115),(43,164),(108,180),(18,156),(22,72),(59,125),(126,192),(19,125),(87,137),(149,205),(158,208),(147,196),(112,184),(171,189),(156,68),(132,201),(146,198),(141,55),(57,146),(64,92),(169,188),(71,112),(118,147),(85,139),(161,201),(143,194),(106,173),(149,183),(163,118),(181,169),(124,197),(42,167),(135,201),(103,147),(60,116),(113,192),(144,196),(111,177),(104,183),(129,201),(184,164),(63,166),(175,208),(91,135),(88,176),(77,114),(45,158),(16,70),(128,198),(89,141),(82,171),(143,161),(132,200),(139,197),(56,197),(127,223),(198,164),(99,189),(26,68),(105,184),(143,196),(112,196),(89,139),(134,205),(202,205),(60,108),(38,160),(63,113),(122,196),(142,197),(100,188),(83,169),(17,127),(165,195),(11,71),(62,194),(135,198),(232,187),(85,112),(141,196),(180,164),(119,197),(122,194),(126,150),(177,172),(82,121),(58,188),(123,155),(125,198),(119,201),(103,186),(131,195),(155,198),(142,162),(162,196),(81,114),(199,164),
goals=(183,169),(163,178),(9,64),(136,199),(151,196),(173,191),(75,115),(88,139),(102,182),(20,166),(166,188),(128,147),(63,107),(114,185),(138,201),(145,225),(82,116),(131,221),(228,188),(148,186),(13,68),(78,111),(88,137),(83,134),(128,196),(107,149),(62,193),(64,154),(127,200),(37,161),(132,209),(125,199),(69,113),(100,152),(17,134),(135,199),(18,126),(101,167),(110,186),(63,172),(160,124),(164,52),(89,143),(137,201),(206,224),(185,169),(144,202),(62,84),(112,188),(153,210),(122,189),(119,188),(118,197),(44,154),(123,197),(108,191),(104,152),(176,166),(140,195),(108,143),(204,166),(87,183),(99,167),(157,197),(142,188),(91,184),(18,165),(130,196),(103,185),(55,202),(36,165),(142,189),(158,199),(21,67),(62,189),(62,113),(111,180),(89,122),(155,202),(123,151),(15,65),(208,210),(208,157),(138,40),(41,162),(134,199),(133,202),(54,146),(44,153),(103,182),(140,192),(116,192),(143,156),(56,128),(119,148),(153,192),(150,159),(165,191),(82,112),(195,169),
solution=
